$ANSIBLE_VAULT;1.1;AES256
35633535356439326637616634363638326366666465613963303133373536343734643039616233
3239326133633463616332383062616465626136623764620a626364363363666663613132336539
63333637663833653938383131376239623933656163373930626139316534306266373738333935
3630633266656438300a643636623161306139663363363833643836356638303338666663376630
64663966303331303030623135313231313963636434623939303130386635626437333633326330
66373239346562363033336562353930373739363130353836613631626663653861303161663261
62656265333631343730396632333636653238373564386635303839636530656534353839653030
31303638633061373664393164616437303438303363623063636562636564643938306630633065
62386334353536356465633435353237643934353161373032303739366564383138383030343762
33333339646439616432666533613032343932666666323739643530323761623336643631643561
62313263383261323637323062663061326134353363373837336366396463383931626166333336
66393435386439363135356639356664373461613363303362376537356532353031366536306665
65333738653338363435656365626138616263346365656636393431343436616438
